# Created by Octave 6.3.0, Fri Oct 01 13:18:40 2021 GMT <unknown@LAPTOP-MOFDM00G>
# name: A
# type: matrix
# rows: 5
# columns: 3
 0.56177499371879447 0.72685047252877522 0.99146995065355847
 0.36321253014304 0.16714895622772441 0.41530009131650258
 0.22412440736908579 0.28008284975178643 0.088006000000000001
 0.74123156490091302 0.73118017116618061 0.91009499999999999
 0.64815438347292531 0.99593508159701127 0.039576


# name: A1
# type: matrix
# rows: 5
# columns: 3
 -1.211311096795463 -1.4193743733500754 -1.1787159306814656
 5.5511151231257827e-17 -0.27250017344393201 -0.029257400311994752
 5.5511151231257827e-17 0.0087923725229613336 -0.18631361549622411
 1.1102230246251565e-16 -0.16604056145972268 0.0028573512400371648
 1.1102230246251565e-16 0.21137924462046809 -0.75373908924894839


# name: A2
# type: matrix
# rows: 5
# columns: 3
 -1.211311096795463 -1.4193743733500754 -1.1787159306814656
 5.5511151231257827e-17 -0.38286329603101832 0.40083426428037111
 5.5511151231257827e-17 3.4694469519536142e-18 -0.15204921588998194
 1.1102230246251565e-16 -5.5511151231257827e-17 -0.64421261012058118
 1.1102230246251565e-16 8.3266726846886741e-17 0.070018421846807177


# name: A3
# type: matrix
# rows: 5
# columns: 3
 -1.211311096795463 -1.4193743733500754 -1.1787159306814656
 5.5511151231257827e-17 -0.38286329603101832 0.40083426428037111
 5.5511151231257827e-17 3.4694469519536142e-18 -0.66560606253928278
 1.1102230246251565e-16 -5.5511151231257827e-17 -2.2204460492503131e-16
 1.1102230246251565e-16 8.3266726846886741e-17 2.7755575615628914e-17


# name: H
# type: matrix
# rows: 5
# columns: 5
 -0.46377433114001532 -0.29985074115470639 -0.18502629750689917 -0.61192501815747347 -0.53508498781826119
 -0.29985074115470639 0.93857627842059321 -0.037902203406822842 -0.1253514058295605 -0.10961090570095225
 -0.18502629750689917 -0.037902203406822842 0.97661201590927682 -0.077349505352604278 -0.067636651389036392
 -0.61192501815747347 -0.1253514058295605 -0.077349505352604278 0.74418718795581451 -0.22369014397968759
 -0.53508498781826119 -0.10961090570095225 -0.067636651389036392 -0.22369014397968759 0.80439884885433088


# name: HA
# type: matrix
# rows: 5
# columns: 3
 -1.211311096795463 -1.4193743733500754 -1.1787159306814656
 5.5511151231257827e-17 -0.27250017344393201 -0.029257400311994752
 5.5511151231257827e-17 0.0087923725229613336 -0.18631361549622411
 1.1102230246251565e-16 -0.16604056145972268 0.0028573512400371648
 1.1102230246251565e-16 0.21137924462046809 -0.75373908924894839


# name: HA_adhoc
# type: matrix
# rows: 5
# columns: 3
 -1.2113110967954634 -1.4193743733500752 -1.1787159306814656
 2.7755575615628914e-17 -0.27250017344393201 -0.029257400311994738
 3.4694469519536142e-17 0.0087923725229613475 -0.18631361549622408
 5.5511151231257827e-17 -0.16604056145972257 0.0028573512400372428
 2.2204460492503131e-16 0.2113792446204682 -0.75373908924894828


# name: ans
# type: scalar
0.59916579535208825


# name: b
# type: matrix
# rows: 5
# columns: 1
 0.42190615143287802
 0.3085562395063115
 0.76378526523718271
 0.29413954981653534
 0.67926332519395005


# name: b1
# type: matrix
# rows: 5
# columns: 1
 -0.97296537745478939
 0.022820075908728921
 0.58746852774741609
 -0.28898092680581544
 0.16936586411358934


# name: b2
# type: matrix
# rows: 5
# columns: 1
 -0.97296537745478939
 -0.21608169838888941
 0.5684357806958491
 0.07044515509757926
 -0.28820434055031002


# name: b3
# type: matrix
# rows: 5
# columns: 1
 -0.97296537745478939
 -0.21608169838888941
 0.22835051184669225
 0.49705268674341035
 -0.33457161999274737


# name: backwarderror
# type: scalar
0.59916570521301882


# name: backwarderror_random
# type: scalar
1.3505981643330458


# name: u1
# type: matrix
# rows: 5
# columns: 1
 -1.211311096795463
 5.5511151231257827e-17
 5.5511151231257827e-17
 1.1102230246251565e-16
 1.1102230246251565e-16


# name: u2
# type: matrix
# rows: 4
# columns: 1
 -0.38286329603101832
 3.4694469519536142e-18
 -5.5511151231257827e-17
 8.3266726846886741e-17


# name: u3
# type: matrix
# rows: 3
# columns: 1
 -0.66560606253928278
 -2.2204460492503131e-16
 2.7755575615628914e-17


# name: vh1
# type: matrix
# rows: 5
# columns: 1
 1.773086090514258
 0.36321253014304
 0.22412440736908579
 0.74123156490091302
 0.64815438347292531


# name: vh2
# type: matrix
# rows: 4
# columns: 1
 0.11036312258708636
 0.0087923725229613336
 -0.16604056145972268
 0.21137924462046809


# name: vh3
# type: matrix
# rows: 3
# columns: 1
 0.51355684664930101
 -0.64421261012058118
 0.070018421846807177


# name: x_hh
# type: matrix
# rows: 3
# columns: 1
 0.16295880347581446
 1.1452888942292847
 -0.023259260439368032


# name: x_normal
# type: matrix
# rows: 3
# columns: 1
 0.89661575934364557
 0.20520904795497186
 -0.34307130506715267


# name: x_normal2
# type: matrix
# rows: 3
# columns: 1
 0.89661639675114635
 0.20520865247757192
 -0.34307156244271136


# name: x_random
# type: matrix
# rows: 3
# columns: 1
 0.61673006292965349
 0.093132043766504302
 0.77442634004838284


