# Created by Octave 6.3.0, Fri Oct 01 08:40:07 2021 GMT <unknown@LAPTOP-MOFDM00G>
# name: A
# type: matrix
# rows: 4
# columns: 3
 0.28102698129592152 0.060382989498399153 0.03418555771409304
 0.70021777192572787 0.84743791023991044 0.38051445479783019
 0.57645836683896279 0.24001164766750527 0.46587000000000001
 0.32979108657593681 0.6385333095097524 0.80068399999999995


# name: A1
# type: matrix
# rows: 4
# columns: 3
 -1.0051604358611166 -0.9543746617792459 -0.80451127002533107
 0 0.29499016262253341 -0.076083406607909465
 0 -0.21479418435178832 0.089972795548350804
 0 0.37833948086398533 0.58563373625628246


# name: A2
# type: matrix
# rows: 4
# columns: 3
 -1.0051604358611166 -0.9543746617792459 -0.80451127002533107
 0 -0.52563913520194494 -0.34205762468724749
 0 0 0.15958975339083739
 0 0 0.46301010112881191


# name: A3
# type: matrix
# rows: 4
# columns: 3
 -1.0051604358611166 -0.9543746617792459 -0.80451127002533107
 0 -0.52563913520194494 -0.34205762468724749
 0 0 -0.4897420169177451
 0 0 0


# name: H
# type: matrix
# rows: 4
# columns: 4
 -0.27958420493855485 -0.69662289416102452 -0.57349886274136275 -0.32809795810696252
 -0.69662289416102452 0.62074910365700786 -0.31222051352230362 -0.17862095223015839
 -0.57349886274136275 -0.31222051352230362 0.74296264028874126 -0.14705074126101908
 -0.32809795810696252 -0.17862095223015839 -0.14705074126101908 0.91587246099280561


# name: HA
# type: matrix
# rows: 4
# columns: 3
 -1.0051604358611166 -0.9543746617792459 -0.80451127002533107
 0 0.29499016262253341 -0.076083406607909465
 0 -0.21479418435178832 0.089972795548350804
 0 0.37833948086398533 0.58563373625628246


# name: HA_adhoc
# type: matrix
# rows: 4
# columns: 3
 -1.0051604358611168 -0.95437466177924579 -0.80451127002533118
 -1.3183898417423734e-16 0.29499016262253364 -0.076083406607909493
 -6.9388939039072284e-17 -0.21479418435178826 0.089972795548350776
 -5.5511151231257827e-17 0.37833948086398539 0.58563373625628246


# name: ans
# type: scalar
0.52633971954993997


# name: b
# type: matrix
# rows: 4
# columns: 1
 0.57129029853389168
 0.99789462983846666
 0.15079486337550108
 0.90449034151705898


# name: b1
# type: matrix
# rows: 4
# columns: 1
 -1.23812210584283
 0.012826120081191661
 -0.66016853562174915
 0.44053922914933524


# name: b2
# type: matrix
# rows: 4
# columns: 1
 -1.23812210584283
 -0.59405265654120065
 -0.50132210865333393
 0.16074638979619271


# name: b3
# type: matrix
# rows: 4
# columns: 1
 -1.23812210584283
 -0.59405265654120065
 0.011391037119591219
 0.52633972178667532


# name: backwarderror
# type: scalar
0.52633972178667543


# name: backwarderror_random
# type: scalar
0.79075873465358071


# name: u1
# type: matrix
# rows: 4
# columns: 1
 -1.0051604358611166
 0
 0
 0


# name: u2
# type: matrix
# rows: 3
# columns: 1
 -0.52563913520194494
 0
 0


# name: u3
# type: matrix
# rows: 2
# columns: 1
 -0.4897420169177451
 0


# name: vh1
# type: matrix
# rows: 4
# columns: 1
 1.2861874171570382
 0.70021777192572787
 0.57645836683896279
 0.32979108657593681


# name: vh2
# type: matrix
# rows: 3
# columns: 1
 0.82062929782447835
 -0.21479418435178832
 0.37833948086398533


# name: vh3
# type: matrix
# rows: 2
# columns: 1
 0.64933177030858247
 0.46301010112881191


# name: x_hh
# type: matrix
# rows: 3
# columns: 1
 0.16295880347581446
 1.1452888942292847
 -0.023259260439368032


# name: x_normal
# type: matrix
# rows: 3
# columns: 1
 0.16295880347581537
 1.1452888942292845
 -0.023259260439367879


# name: x_normal2
# type: matrix
# rows: 3
# columns: 1
 0.16295880347581662
 1.1452888942292814
 -0.023259260439366755


# name: x_random
# type: matrix
# rows: 3
# columns: 1
 0.50958009052637709
 0.64657701796063327
 0.71493688295264646


