# Created by Octave 6.1.0, Wed Sep 29 12:25:31 2021 GMT <unknown@MSI>
# name: A
# type: matrix
# rows: 4
# columns: 3
 0.29233968339499117 0.94888572634899537 0.30540225765109419
 0.28373760952783944 0.85848982468200363 0.47009212180394711
 0.2362275555133887 0.93664189147918064 0.66901145758731095
 0.27603950823515677 0.24531361256161244 0.83136053283034095


# name: A1
# type: matrix
# rows: 4
# columns: 3
 -0.5458670072816223 -1.4838040512873967 -1.1178387774926555
 0 0.03501085474896215 -0.011682855162223171
 0 0.2510492257494753 0.26790662941305721
 0 -0.55582350239673084 0.36265662028575751


# name: A2
# type: matrix
# rows: 4
# columns: 3
 -0.5458670072816223 -1.4838040512873967 -1.1178387774926555
 0 -0.61089380379590752 0.22053644491938415
 0 -5.5511151231257827e-17 0.35816526854551167
 0 1.1102230246251565e-16 0.16282380752007902


# name: A3
# type: matrix
# rows: 4
# columns: 3
 -0.5458670072816223 -1.4838040512873967 -1.1178387774926555
 0 -0.61089380379590752 0.22053644491938415
 0 -5.5511151231257827e-17 -0.39343862531227691
 0 1.1102230246251565e-16 0


# name: H
# type: matrix
# rows: 4
# columns: 4
 -0.53555111317465665 -0.51979256072066338 -0.43275660987423414 -0.50569003906246934
 -0.51979256072066338 0.82404733788251749 -0.14649051046582498 -0.17117888039023271
 -0.43275660987423414 -0.14649051046582498 0.87803839169986742 -0.14251606805806916
 -0.50569003906246934 -0.17117888039023271 -0.14251606805806916 0.83346538359227162


# name: HA
# type: matrix
# rows: 4
# columns: 3
 -0.5458670072816223 -1.4838040512873967 -1.1178387774926555
 0 0.03501085474896215 -0.011682855162223171
 0 0.2510492257494753 0.26790662941305721
 0 -0.55582350239673084 0.36265662028575751


# name: HA_adhoc
# type: matrix
# rows: 4
# columns: 3
 -0.54586700728162241 -1.4838040512873969 -1.1178387774926555
 -9.130459192262877e-18 0.035010854748962143 -0.011682855162223177
 -1.2196308529331377e-17 0.25104922574947519 0.26790662941305721
 -6.3682642588089237e-17 -0.55582350239673106 0.36265662028575746


# name: ans
# type: scalar
0.70855591657706096


# name: b
# type: matrix
# rows: 4
# columns: 1
 0.94737008321049732
 0.021437593844198188
 0.8036912337800769
 0.63346059134979393


# name: b1
# type: matrix
# rows: 4
# columns: 1
 -1.1866456093522331
 -0.70093854325615879
 0.2022723760107874
 -0.069316717508973391


# name: b2
# type: matrix
# rows: 4
# columns: 1
 -1.1866456093522331
 -0.10602125305603016
 0.4335039101294455
 -0.58126380985594239


# name: b3
# type: matrix
# rows: 4
# columns: 1
 -1.1866456093522331
 -0.10602125305603016
 -0.15408364556111803
 -0.70855591657706118


# name: backwarderror
# type: scalar
0.70855591657706096


# name: backwarderror_random
# type: scalar
0.75190358682114089


# name: u1
# type: matrix
# rows: 4
# columns: 1
 -0.5458670072816223
 0
 0
 0


# name: u2
# type: matrix
# rows: 3
# columns: 1
 -0.61089380379590752
 -5.5511151231257827e-17
 1.1102230246251565e-16


# name: u3
# type: matrix
# rows: 2
# columns: 1
 -0.39343862531227691
 0


# name: vh1
# type: matrix
# rows: 4
# columns: 1
 0.83820669067661346
 0.28373760952783944
 0.2362275555133887
 0.27603950823515677


# name: vh2
# type: matrix
# rows: 3
# columns: 1
 0.64590465854486956
 0.2510492257494753
 -0.55582350239673084


# name: vh3
# type: matrix
# rows: 2
# columns: 1
 0.75160389385778859
 0.16282380752007902


# name: x_hh
# type: matrix
# rows: 3
# columns: 1
 0.51581030425701557
 0.31493306273086591
 0.39163324505523572


# name: x_normal
# type: matrix
# rows: 3
# columns: 1
 0.51581030425701357
 0.31493306273086613
 0.39163324505523567


# name: x_normal2
# type: matrix
# rows: 3
# columns: 1
 0.51581030425701369
 0.31493306273086608
 0.39163324505523633


# name: x_random
# type: matrix
# rows: 3
# columns: 1
 0.30779446407899713
 0.31938569001875083
 0.68055185158713249


